%By: Michael Freeman 
% 10/18/19

%Data
%Course scorecards 
cyprus = [420	549	156	383	491	521	170	369	289	3348	476	440	404	366	393	135	233	386	343	3176	6524
	4	5	3	4	5	5	3	4	4	37	5	4	4	4	4	3	3	4	4	35	72];
augusta = [455	575	350	240	495	180	450	570	460	3775	495	505	155	510	440	530	170	440	465	3710	7485
	4	5	4	3	4	3	4	5	4	36	4	4	3	5	4	5	3	4	4	36	72];
shinnecock = [399	252	500	475	589	491	189	439	485	3819	415	159	469	374	519	409	616	180	485	3626	7445
4	3	4	4	5	4	3	4	4	35	4	3	4	4	4	4	5	3	4	35	70];
oakmont = [482	340	428	609	382	194	479	288	477	3679	462	379	667	183	358	499	231	313	484	3576	7255
	4	4	4	5	4	3	4	3	4	35	4	4	5	3	4	4	3	4	4	35	70];
pebble = [	380	516	404	331	195	523	109	428	526	3412	495	390	202	445	580	397	403	208	543	3663	7075
	4	4	4	4	3	5	3	4	4	35	4	4	3	4	5	4	4	3	5	36	71];
pine_valley = [	421	368	198	499	238	394	636	326	458	3538	161	397	337	486	220	615	475	345	483	3519	7057
	4	4	3	4	3	4	5	4	4	35	3	4	4	4	3	5	4	4	4	35	70];
merion =[	350	536	219	600	418	420	362	359	183	3447	303	367	380	115	418	411	430	245	463	3132	6579
	4	5	3	5	4	4	4	4	3	36	4	4	4	3	4	4	4	3	4	34	70];
national_gl =[  330	330	426	195	478	141	478	400	540	3318	450	432	459	174	393	417	415	375	502	3617	6935
	4	4	4	3	4	3	5	4	5	36	4	4	4	3	4	4	4	4	5	36	72];
pinehurst_2 = [	402	507	387	529	576	242	424	502	191	3760	617	483	484	385	473	202	528	205	451	3828	7588
	4	4	4	4	5	3	4	4	3	35	5	4	4	4	4	3	4	3	4	35	70];
pacific_dunes =  [ 370	368	499	463	199	316	464	400	406	3485	206	148	529	444	145	539	338	208	591	3148	6633
	4	4	5	4	3	4	4	4	4	36	3	3	5	4	3	5	4	3	5	35	71];
congress =[	402	233	466	470	413	555	173	354	636	3702	218	494	471	193	467	490	579	437	523	3872	7574
	4	3	4	4	4	5	3	4	5	36	3	5	4	3	4	4	5	4	4	36	72];
whist = [ 493  597	188	494	603	409	221	506	442	3953	391	645	163	402	396	503	568	249	520	3837	7790
	4	5	3	4	5	4	3	4	4	36	4	5	3	4	4	4	5	3	4	36	72];
muirfield = [	470	455	401	200	527	447	563	185	412	3660	471	567	184	455	363	529	201	478	444	3692	7352
	4	4	4	3	5	4	5	3	4	36	4	5	3	4	4	5	3	4	4	36	72];
riveria = [	503	471	434	236	419	169	408	416	420	3476	315	583	410	438	182	443	166	576	451	3564	7040
	5	4	4	3	4	3	4	4	4	35	4	5	4	4	3	4	3	5	4	36	71];
medinah = [	433	192	412	463	536	509	617	201	432	3795	578	440	476	245	609	390	482	193	449	3862	7657
	4	3	4	4	5	4	5	3	4	36	5	4	4	3	5	4	4	3	4	36	72];
kiawah = [	396	557	390	458	188	480	579	198	494	3740	447	593	412	497	238	444	581	223	501	3936	7676
	4	5	4	4	3	4	5	3	4	36	4	5	4	4	3	4	5	3	4	36	72];
olympic = [	520	428	247	430	498	489	288	200	449	3549	424	430	451	199	419	154	670	522	344	3613	7162
	4	4	3	4	4	4	4	3	4	34	4	4	4	3	4	3	5	5	4	36	70];
victoria = [	442	374	578	355	212	474	183	425	558	3601	543	233	357	395	471	548	208	454	432	3641	7242
	4	4	5	4	3	4	3	4	5	36	5	3	4	4	4	5	3	4	4	36	72];
bethpage = [	430	389	230	517	478	408	553	210	460	3675	502	421	501	608	161	478	490	207	411	3779	7454
	4	4	3	5	4	4	5	3	4	36	4	4	4	5	3	4	4	3	4	35	71];
pga_west = [	445	371	471	192	535	255	346	559	452	3626	416	617	363	214	389	468	600	168	439	3674	7300
	4	4	4	3	5	3	4	5	4	36	4	5	4	3	4	4	5	3	4	36	72];
interlachen = [	531	396	226	575	186	345	360	441	530	3590	347	458	557	190	440	414	318	225	428	3377	6967
	5	4	3	5	3	4	4	4	5	37	4	4	5	3	4	4	4	3	4	35	72];
sebonack = [	355	474	442	235	355	418	490	189	549	3507	413	496	165	550	432	661	467	220	570	3974	7481
	4	4	4	3	4	4	4	3	5	35	4	4	3	5	4	5	4	3	5	37	72];
aronimink = [	434	413	455	457	159	402	396	242	605	3563	444	425	466	385	221	515	556	229	463	3704	7267
	4	4	4	4	3	4	4	3	5	35	4	4	4	4	3	4	5	3	4	35	70];
spyglass = [	595	349	172	370	197	446	529	399	431	3488	407	528	178	460	560	130	476	325	408	3472	6960
	5	4	3	4	3	4	5	4	4	36	4	5	3	4	5	3	4	4	4	36	72];
inverness = [	395	385	200	466	450	231	481	569	468	3645	363	378	172	516	480	468	409	470	354	3610	7255
	4	4	3	4	4	3	4	5	4	35	4	4	3	5	4	4	4	4	4	36	71];
fishers = [	396	172	335	397	229	520	363	465	364	3241	401	164	389	400	425	533	146	415	452	3325	6566
	4	3	4	4	3	5	4	5	4	36	4	3	4	4	4	5	3	4	5	36	72];
peachtree = [	410	584	433	166	536	234	445	409	422	3639	519	220	486	470	183	448	577	450	422	3775	7414
	4	5	4	3	5	3	4	4	4	36	5	3	4	4	3	4	5	4	4	36	72];
winged = [	450	451	245	464	515	321	162	465	521	3594	190	396	630	214	450	416	467	449	452	3664	7258
	4	4	3	4	5	4	3	4	5	36	3	4	5	3	4	4	5	4	4	36	72];
crystal = [	460	425	191	409	353	384	335	550	175	3282	395	196	430	442	147	327	588	311	400	3236	6518
	4	4	3	4	4	4	4	5	3	35	4	3	4	4	3	4	5	4	4	35	70];
prairie = [	452	164	355	171	477	387	512	468	452	3438	185	535	390	445	405	203	426	523	390	3502	6940
	4	3	4	3	5	4	5	4	4	36	3	5	4	4	4	3	4	5	4	36	72];
baltusrol = [	478	371	451	186	395	465	500	374	205	3425	444	422	202	401	406	415	210	570	520	3590	7015
	5	4	4	3	4	4	5	4	3	36	4	4	3	4	4	4	3	5	5	36	72];
southern = [	464	486	451	372	655	200	384	245	374	3631	366	173	458	537	223	413	560	358	465	3553	7184
    4	4	4	4	5	3	4	3	4	35	4	3	4	5	3	4	5	4	4	36	71];
arcadia = [	519	189	530	415	583	195	472	449	203	3555	481	633	431	240	340	519	486	176	439	3745	7300
	5	3	5	4	5	3	4	4	3	36	4	5	4	3	4	5	4	3	4	36	72];
rich = [	448	624	392	217	420	495	240	482	545	3863	424	562	246	450	193	448	601	434	435	3793	7656
	4	5	4	3	4	4	3	4	5	36	4	5	3	4	3	4	5	4	4	36	72];
milwaukee = [	434	455	531	199	433	439	481	174	325	3471	484	375	190	388	442	585	489	232	441	3626	7097
	4	4	5	3	4	4	5	3	4	36	5	4	3	4	4	5	4	3	4	36	72];
olympia = [	626	471	461	400	417	187	430	247	445	3684	444	402	389	168	444	576	215	455	496	3589	7273
	5	4	4	4	4	3	4	3	4	35	4	4	4	3	4	5	3	4	4	35	70];
east_lake = [	512	192	391	476	441	525	480	455	232	3704	426	212	390	440	559	213	434	407	589	3670	7374
	4	3	4	4	4	5	4	4	3	35	4	3	4	4	5	3	4	4	5	36	71];
kitt = [	435	447	167	375	431	424	565	209	411	3464	352	241	393	375	186	545	403	392	460	3347	6811
	4	4	3	4	4	4	5	3	4	35	4	3	4	4	3	5	4	4	4	35	70];
sycamore = [	460	523	387	224	562	422	188	464	410	3640	421	228	558	377	202	546	473	409	444	3658	7298
	4	5	4	3	5	4	3	4	4	36	4	3	5	4	3	5	4	4	4	36	72];
bl_wolf = [	610	377	468	219	427	388	426	532	361	3808	227	621	486	231	346	374	620	181	510	3596	7404
	5	4	4	3	4	4	4	5	4	37	3	5	4	3	4	4	5	3	4	35	72];
plainfield = [	432	443	196	326	527	164	471	519	368	3446	411	148	588	482	228	372	582	427	407	3645	7091
	4	4	3	4	5	3	4	5	4	36	4	3	5	4	3	4	5	4	4	36	72];
mp_dunes = [	405	369	364	204	358	426	155	405	484	3170	170	398	394	534	176	556	388	418	478	3512	6682
	4	4	4	3	4	4	3	4	5	35	3	4	4	5	3	5	4	4	5	37	72];
hudson = [	486	211	421	387	421	570	371	249	551	3667	425	175	475	187	534	434	249	328	481	3288	6955
   4	3	4	4	4	5	4	3	5	36	4	3	4	3	5	4	3	4	4	34	70];
valhalla = [	450	530	210	375	460	495	600	190	415	3725	595	210	470	355	220	435	510	475	545	3815	7540
	4	5	3	4	4	4	5	3	4	36	5	3	4	4	3	4	4	4	5	36	72];
hazeltine = [	490	431	633	210	448	405	572	176	432	3797	452	606	518	248	352	642	402	182	475	3877	7674
	4	4	5	3	4	4	5	3	4	36	4	5	4	3	4	5	4	3	4	36	72];
kapalua = [	520	218	380	382	532	398	516	203	521	3670	354	164	420	407	305	555	365	508	663	3741	7411
	4	3	4	4	5	4	4	3	5	36	4	3	4	4	4	5	4	4	5	37	73];
chambers = [	498	404	165	568	490	447	508	602	227	3909	398	500	304	534	521	172	425	218	604	3676	7585
	4	4	3	5	4	4	4	5	3	36	4	4	4	5	4	3	4	3	5	36	72];
galloway = [	400	152	375	453	195	551	409	199	542	3276	480	513	396	474	226	433	584	253	476	3835	7111
	4	3	4	4	3	5	4	3	5	35	4	5	4	4	3	4	5	3	4	36	71];
sahalee = [	406	509	415	386	195	512	421	444	213	3501	401	546	458	176	377	417	377	215	535	3502	7003
	4	5	4	4	3	5	4	4	3	36	4	5	4	3	4	4	4	3	5	36	72];
shoreacre = [	516	355	309	372	449	192	444	165	388	3190	452	378	127	332	185	521	438	355	552	3340	6530
    5	4	4	4	4	3	4	3	4	35	4	4	3	4	3	5	4	4	5	36	71];
crooked = [	358	442	200	495	621	201	454	456	530	3757	456	556	424	182	507	523	486	214	457	3805	7562
	4	4	3	4	5	3	4	4	5	36	4	5	4	3	4	5	4	3	4	36	72];
harbour = [	410	502	469	200	549	419	195	473	332	3549	451	436	430	373	192	588	434	174	472	3550	7099
	4	5	4	3	5	4	3	4	4	36	4	4	4	4	3	5	4	3	4	35	71];
baltimore = [	445	440	398	160	442	583	370	362	204	3404	432	420	385	161	603	435	440	180	384	3440	6844
	4	4	4	3	4	5	4	4	3	35	4	4	4	3	5	4	4	3	4	35	70];
