% Author: Tim Chartier, CSC 381 - Fall 2019
% Program: svdCluster.m
%
% Description: Create at most k clusters from a matrix A, where k is a
% parameter.
% 
%% Number of evectors

numberOfSingularVectors = 3;

%% names of the rows of the data 

names = {'Cyprus Point','Augusta National','Shinnecock','Oakmont','Pebble Beach','Pine Valley', ...
'Merion','National Golf Links','Pinehurst No. 2','Pacific Dunes','Congressional CC','Whistling Straits',...
'Muirfield Village','Riveria','Medinah','Kiawah Island','Olympic Club','Victoria National','Bethpage Black',...
'PGA West','Interlachen','Sebonack CC','Aronimink GC','Spyglass Hill','Inverness Club','Fishers Island',...
'Peachtree GC','Winged Foot','Crystal Downs','Prairie Dunes','Baltusrol GC','Southern Hills','Aracadia Bluff',...
'Rich Harvest Farms','Milwaukee CC','Olympia Fields','East Lake','Kittansett Club','Sycamore Hills',...
'Blackwolf Run','Plainfield CC','Monterey Peninsula','Hudson National','Valhalla GC','Hazeltine National',...
'Kapalua','Chambers Bay','Galloway National','Sahalee CC','Shoreacres','Crooked Stick','Harbour Town',...
'Baltimore CC','Fox Chapel GC','Colonial CC','Minikahda Club','Torrey Pines','Pine Needles','Huntingdon Valley',...
'Northland CC','Rolling Green','Sankaty Head','Lehigh CC','Sea Island','Philadelphia CC','World Woods',...
'Wolf Run GC','Quail Hollow Club','Trump Bedminster','Greenbrier'};

%% Data to cluster 
A = [0,301.15,503.81,3628.3,2150.3,721.49,2566.3,719.96,525.49,722.61,1933.4,569.51,2720.5,9.0172,1390.1,2115,11854,1920.7,25.682,261.46,1268.3,1757.1,708.99,447.8,4.1799,992.4,1972.7,3348.6,1073.6,2321.4,1957.4,2579.3,723.44,1840.6,566.01,1166.7,1861.3,2338.5,2871.1,933.33,272.62,2211.4,526.29,706.15,248.96,5492.8,2102.9,760.43,3228.9,837.53,684.18,731.09,3022.1,2356.6,1349.6,624.81,1941,1904.6,2856,194.08,2319.6,1386.7,2441.6,3451.2,781.15,1598.7,751.97,331.37,919.83,1227.1
301.15,0,202.66,3929.5,2451.5,1022.6,2867.5,418.81,224.34,1023.8,2234.6,870.66,2419.4,310.17,1088.9,1813.9,12156,1619.5,326.83,562.61,967.16,2058.2,407.84,146.65,296.97,691.25,1671.6,3649.8,772.4,2020.3,1656.3,2880.4,1024.6,1539.5,867.16,865.55,1560.1,2037.4,2570,1234.5,573.77,1910.2,225.14,405,52.194,5793.9,2404.1,459.28,2927.8,536.38,383.03,429.94,2720.9,2657.7,1048.4,925.96,1639.9,1603.4,2554.8,495.23,2620.7,1085.6,2140.4,3150,1082.3,1297.6,1053.1,632.52,618.68,925.94
503.81,202.66,0,4132.1,2654.2,1225.3,3070.2,216.14,21.674,1226.4,2437.3,1073.3,2216.7,512.83,886.27,1611.2,12358,1416.9,529.49,765.27,764.49,2260.9,205.18,56.012,499.63,488.59,1468.9,3852.4,569.74,1817.6,1453.6,3083.1,1227.3,1336.8,1069.8,662.89,1357.5,1834.7,2367.3,1437.1,776.43,1707.6,22.483,202.34,254.86,5996.6,2606.7,256.62,2725.1,333.72,180.37,227.28,2518.3,2860.4,845.74,1128.6,1437.2,1400.8,2352.2,697.89,2823.4,882.91,1937.7,2947.4,1285,1094.9,1255.8,835.18,416.02,723.28
3628.3,3929.5,4132.1,0,1478,2906.8,1062,4348.3,4153.8,2905.7,1694.9,3058.8,6348.9,3619.3,5018.4,5743.3,8226.1,5549,3602.6,3366.9,4896.6,1871.3,4337.3,4076.1,3632.5,4620.7,5601.1,279.7,4701.9,5949.7,5585.7,1049.1,2904.9,5469,3062.3,4795,5489.6,5966.8,6499.4,2695,3355.7,5839.7,4154.6,4334.5,3877.3,1864.5,1525.4,4388.7,6857.3,4465.9,4312.5,4359.4,6650.4,1271.7,4977.9,3003.5,5569.4,5532.9,6484.3,3434.2,1308.7,5015,6069.9,7079.5,2847.2,5227.1,2876.3,3297,4548.2,4855.4
2150.3,2451.5,2654.2,1478,0,1428.9,416,2870.3,2675.8,1427.7,216.9,1580.8,4870.9,2141.3,3540.4,4265.4,9704,4071,2124.7,1888.9,3418.7,393.29,2859.3,2598.1,2154.5,3142.7,4123.1,1198.3,3223.9,4471.8,4107.8,428.92,1426.9,3991,1584.3,3317,4011.6,4488.9,5021.5,1217,1877.7,4361.7,2676.6,2856.5,2399.3,3342.4,47.443,2910.8,5379.3,2987.9,2834.5,2881.4,5172.4,206.24,3499.9,1525.5,4091.4,4054.9,5006.3,1956.3,169.23,3537.1,4591.9,5601.5,1369.2,3749.1,1398.4,1819,3070.2,3377.4
721.49,1022.6,1225.3,2906.8,1428.9,0,1844.9,1441.4,1247,1.1141,1212,151.99,3442,712.47,2111.6,2836.5,11133,2642.2,695.81,460.03,1989.8,1035.6,1430.5,1169.3,725.67,1713.9,2694.2,2627.1,1795,3042.9,2678.9,1857.8,1.9518,2562.1,155.49,1888.2,2582.8,3060,3592.6,211.84,448.87,2932.9,1247.8,1427.6,970.45,4771.3,1381.4,1481.9,3950.4,1559,1405.7,1452.6,3743.6,1635.1,2071,96.686,2662.5,2626.1,3577.5,527.41,1598.1,2108.2,3163.1,4172.7,59.659,2320.2,30.477,390.12,1641.3,1948.6
2566.3,2867.5,3070.2,1062,416,1844.9,0,3286.3,3091.8,1843.7,632.9,1996.8,5286.9,2557.3,3956.4,4681.4,9288,4487,2540.7,2304.9,3834.7,809.29,3275.3,3014.1,2570.5,3558.7,4539.1,782.27,3639.9,4887.8,4523.8,12.918,1842.9,4407,2000.3,3733,4427.6,4904.9,5437.5,1633,2293.7,4777.7,3092.6,3272.5,2815.3,2926.4,463.44,3326.8,5795.3,3403.9,3250.5,3297.4,5588.4,209.76,3915.9,1941.5,4507.4,4470.9,5422.3,2372.3,246.76,3953.1,5007.9,6017.5,1785.2,4165.1,1814.4,2235,3486.2,3793.4
719.96,418.81,216.14,4348.3,2870.3,1441.4,3286.3,0,194.47,1442.6,2653.4,1289.5,2000.6,728.97,670.12,1395.1,12574,1200.7,745.64,981.42,548.35,2477,10.962,272.16,715.78,272.44,1252.8,4068.6,353.6,1601.5,1237.5,3299.2,1443.4,1120.7,1286,446.74,1141.3,1618.6,2151.2,1653.3,992.57,1491.4,193.66,13.806,471,6212.7,2822.9,40.472,2509,117.58,35.778,11.136,2302.1,3076.5,629.6,1344.8,1221.1,1184.6,2136,914.04,3039.5,666.77,1721.6,2731.2,1501.1,878.78,1471.9,1051.3,199.88,507.14
525.49,224.34,21.674,4153.8,2675.8,1247,3091.8,194.47,0,1248.1,2458.9,1095,2195.1,534.5,864.59,1589.5,12380,1395.2,551.17,786.95,742.82,2282.5,183.51,77.686,521.31,466.91,1447.2,3874.1,548.07,1795.9,1431.9,3104.8,1248.9,1315.2,1091.5,641.21,1335.8,1813,2345.6,1458.8,798.1,1685.9,0.80859,180.66,276.53,6018.3,2628.4,234.94,2703.5,312.05,158.69,205.61,2496.6,2882.1,824.07,1150.3,1415.6,1379.1,2330.5,719.57,2845.1,861.24,1916.1,2925.7,1306.6,1073.2,1277.5,856.85,394.35,701.61
722.61,1023.8,1226.4,2905.7,1427.7,1.1141,1843.7,1442.6,1248.1,0,1210.8,153.1,3443.2,713.59,2112.7,2837.6,11132,2643.3,696.92,461.14,1990.9,1034.4,1431.6,1170.4,726.79,1715,2695.3,2626,1796.2,3044,2680,1856.7,0.8377,2563.2,156.6,1889.3,2583.9,3061.1,3593.7,210.73,449.99,2934,1248.9,1428.8,971.56,4770.2,1380.3,1483,3951.6,1560.1,1406.8,1453.7,3744.7,1634,2072.2,97.8,2663.6,2627.2,3578.6,528.52,1597,2109.3,3164.2,4173.8,58.545,2321.3,29.363,391.24,1642.4,1949.7
1933.4,2234.6,2437.3,1694.9,216.9,1212,632.9,2653.4,2458.9,1210.8,0,1363.9,4654,1924.4,3323.5,4048.5,9920.9,3854.1,1907.8,1672,3201.8,176.39,2642.4,2381.2,1937.6,2925.8,3906.2,1415.2,3007,4254.9,3890.9,645.82,1210,3774.1,1367.4,3100.1,3794.7,4272,4804.6,1000.1,1660.8,4144.8,2459.7,2639.6,2182.4,3559.3,169.46,2693.9,5162.4,2771,2617.6,2664.5,4955.5,423.14,3283,1308.6,3874.5,3838,4789.4,1739.4,386.14,3320.2,4375,5384.6,1152.3,3532.2,1181.5,1602.1,2853.3,3160.5
569.51,870.66,1073.3,3058.8,1580.8,151.99,1996.8,1289.5,1095,153.1,1363.9,0,3290.1,560.49,1959.6,2684.5,11285,2490.2,543.82,308.04,1837.8,1187.6,1278.5,1017.3,573.69,1561.9,2542.2,2779.1,1643.1,2890.9,2526.9,2009.8,153.94,2410.1,3.5,1736.2,2430.8,2908,3440.6,363.83,296.89,2780.9,1095.8,1275.7,818.46,4923.3,1533.4,1329.9,3798.5,1407,1253.7,1300.6,3591.6,1787.1,1919.1,55.3,2510.5,2474.1,3425.5,375.42,1750.1,1956.2,3011.1,4020.7,211.64,2168.2,182.46,238.14,1489.3,1796.6
2720.5,2419.4,2216.7,6348.9,4870.9,3442,5286.9,2000.6,2195.1,3443.2,4654,3290.1,0,2729.6,1330.5,605.53,14575,799.86,2746.2,2982,1452.2,4477.6,2011.6,2272.8,2716.4,1728.1,747.82,6069.2,1647,399.12,763.14,5299.8,3444,879.91,3286.6,1553.9,859.25,382.03,150.56,3653.9,2993.2,509.15,2194.3,2014.4,2471.6,8213.3,4823.5,1960.1,508.39,1883,2036.4,1989.5,301.55,5077.1,1371,3345.4,779.51,815.96,135.43,2914.6,5040.1,1333.8,278.99,730.63,3501.7,1121.8,3472.5,3051.9,1800.7,1493.5
9.0172,310.17,512.83,3619.3,2141.3,712.47,2557.3,728.97,534.5,713.59,1924.4,560.49,2729.6,0,1399.1,2124,11845,1929.7,16.665,252.44,1277.3,1748,718.01,456.82,13.197,1001.4,1981.8,3339.6,1082.6,2330.4,1966.4,2570.2,714.43,1849.7,556.99,1175.7,1870.3,2347.5,2880.1,924.32,263.6,2220.4,535.31,715.17,257.97,5483.8,2093.9,769.44,3238,846.55,693.19,740.11,3031.1,2347.6,1358.6,615.79,1950.1,1913.6,2865,185.07,2310.6,1395.7,2450.6,3460.2,772.13,1607.8,742.95,322.35,928.85,1236.1
1390.1,1088.9,886.27,5018.4,3540.4,2111.6,3956.4,670.12,864.59,2112.7,3323.5,1959.6,1330.5,1399.1,0,724.94,13244,530.61,1415.8,1651.5,121.77,3147.1,681.08,942.28,1385.9,397.68,582.66,4738.7,316.52,931.35,567.33,3969.3,2113.5,450.56,1956.1,223.38,471.22,948.44,1481,2323.4,1662.7,821.32,863.78,683.93,1141.1,6882.8,3493,629.65,1838.9,552.54,705.9,658.99,1632,3746.7,40.524,2014.9,550.96,514.51,1465.9,1584.2,3709.7,3.3556,1051.5,2061.1,2171.2,208.66,2142,1721.4,470.24,162.99
2115,1813.9,1611.2,5743.3,4265.4,2836.5,4681.4,1395.1,1589.5,2837.6,4048.5,2684.5,605.53,2124,724.94,0,13969,194.33,2140.7,2376.5,846.72,3872.1,1406,1667.2,2110.8,1122.6,142.29,5463.6,1041.5,206.41,157.61,4694.3,2838.5,274.38,2681,948.32,253.72,223.49,756.09,3048.4,2387.6,96.378,1588.7,1408.9,1866.1,7607.8,4217.9,1354.6,1113.9,1277.5,1430.8,1383.9,907.08,4471.6,765.47,2739.8,173.98,210.43,740.96,2309.1,4434.6,728.3,326.54,1336.2,2896.2,516.29,2867,2446.4,1195.2,887.93
11854,12156,12358,8226.1,9704,11133,9288,12574,12380,11132,9920.9,11285,14575,11845,13244,13969,0,13775,11829,11593,13123,10097,12563,12302,11859,12847,13827,8505.8,12928,14176,13812,9275.1,11131,13695,11288,13021,13716,14193,14725,10921,11582,14066,12381,12561,12103,6361.6,9751.5,12615,15083,12692,12539,12585,14876,9497.8,13204,11230,13795,13759,14710,11660,9534.8,13241,14296,15306,11073,13453,11102,11523,12774,13081
1920.7,1619.5,1416.9,5549,4071,2642.2,4487,1200.7,1395.2,2643.3,3854.1,2490.2,799.86,1929.7,530.61,194.33,13775,0,1946.4,2182.1,652.38,3677.7,1211.7,1472.9,1916.5,928.29,52.044,5269.3,847.13,400.74,36.722,4500,2644.1,80.05,2486.7,753.99,59.391,417.83,950.42,2854,2193.3,290.71,1394.4,1214.5,1671.7,7413.5,4023.6,1160.3,1308.3,1083.2,1236.5,1189.6,1101.4,4277.3,571.13,2545.5,20.35,16.1,935.29,2114.8,4240.3,533.97,520.87,1530.5,2701.8,321.95,2672.7,2252.1,1000.9,693.6
25.682,326.83,529.49,3602.6,2124.7,695.81,2540.7,745.64,551.17,696.92,1907.8,543.82,2746.2,16.665,1415.8,2140.7,11829,1946.4,0,235.78,1294,1731.4,734.68,473.48,29.862,1018.1,1998.4,3322.9,1099.2,2347.1,1983.1,2553.6,697.76,1866.3,540.32,1192.4,1887,2364.2,2896.8,907.65,246.93,2237.1,551.98,731.83,274.64,5467.1,2077.2,786.11,3254.6,863.22,709.86,756.77,3047.8,2330.9,1375.2,599.12,1966.7,1930.3,2881.7,168.4,2293.9,1412.4,2467.2,3476.9,755.47,1624.4,726.29,305.68,945.52,1252.8
261.46,562.61,765.27,3366.9,1888.9,460.03,2304.9,981.42,786.95,461.14,1672,308.04,2982,252.44,1651.5,2376.5,11593,2182.1,235.78,0,1529.8,1495.6,970.45,709.26,265.64,1253.9,2234.2,3087.2,1335,2582.9,2218.9,2317.8,461.98,2102.1,304.54,1428.2,2122.8,2600,3132.6,671.87,11.156,2472.9,787.76,967.61,510.42,5231.3,1841.4,1021.9,3490.4,1099,945.64,992.55,3283.6,2095.1,1611,363.34,2202.5,2166,3117.4,67.379,2058.1,1648.2,2703,3712.6,519.69,1860.2,490.51,69.906,1181.3,1488.6
1268.3,967.16,764.49,4896.6,3418.7,1989.8,3834.7,548.35,742.82,1990.9,3201.8,1837.8,1452.2,1277.3,121.77,846.72,13123,652.38,1294,1529.8,0,3025.4,559.31,820.51,1264.1,275.91,704.43,4616.9,194.75,1053.1,689.11,3847.6,1991.7,572.33,1834.3,101.61,592.99,1070.2,1602.8,2201.6,1540.9,943.09,742.01,562.16,1019.4,6761.1,3371.2,507.88,1960.6,430.77,584.13,537.21,1753.8,3624.9,81.248,1893.1,672.73,636.28,1587.7,1462.4,3587.9,118.42,1173.3,2182.9,2049.5,330.43,2020.3,1599.7,348.47,41.214
1757.1,2058.2,2260.9,1871.3,393.29,1035.6,809.29,2477,2282.5,1034.4,176.39,1187.6,4477.6,1748,3147.1,3872.1,10097,3677.7,1731.4,1495.6,3025.4,0,2466,2204.9,1761.2,2749.5,3729.8,1591.6,2830.6,4078.5,3714.5,822.21,1033.6,3597.7,1191.1,2923.8,3618.4,4095.6,4628.2,823.72,1484.4,3968.5,2283.3,2463.2,2006,3735.7,345.85,2517.5,4986,2594.6,2441.2,2488.1,4779.2,599.53,3106.6,1132.2,3698.1,3661.6,4613,1563,562.53,3143.8,4198.6,5208.2,975.91,3355.8,1005.1,1425.7,2676.9,2984.1
708.99,407.84,205.18,4337.3,2859.3,1430.5,3275.3,10.962,183.51,1431.6,2642.4,1278.5,2011.6,718.01,681.08,1406,12563,1211.7,734.68,970.45,559.31,2466,0,261.19,704.81,283.41,1263.7,4057.6,364.56,1612.4,1248.4,3288.3,1432.4,1131.6,1275,457.7,1152.3,1629.5,2162.1,1642.3,981.61,1502.4,182.7,2.8434,460.04,6201.8,2811.9,51.434,2520,128.54,24.816,22.098,2313.1,3065.6,640.56,1333.8,1232,1195.6,2147,903.08,3028.6,677.73,1732.6,2742.2,1490.1,889.74,1461,1040.4,210.84,518.1
447.8,146.65,56.012,4076.1,2598.1,1169.3,3014.1,272.16,77.686,1170.4,2381.2,1017.3,2272.8,456.82,942.28,1667.2,12302,1472.9,473.48,709.26,820.51,2204.9,261.19,0,443.62,544.6,1524.9,3796.4,625.75,1873.6,1509.6,3027.1,1171.2,1392.8,1013.8,718.9,1413.5,1890.7,2423.3,1381.1,720.42,1763.6,78.494,258.35,198.84,5940.6,2550.7,312.63,2781.1,389.73,236.38,283.29,2574.3,2804.4,901.75,1072.6,1493.2,1456.8,2408.2,641.88,2767.4,938.92,1993.8,3003.4,1229,1150.9,1199.8,779.17,472.03,779.29
4.1799,296.97,499.63,3632.5,2154.5,725.67,2570.5,715.78,521.31,726.79,1937.6,573.69,2716.4,13.197,1385.9,2110.8,11859,1916.5,29.862,265.64,1264.1,1761.2,704.81,443.62,0,988.22,1968.6,3352.8,1069.4,2317.2,1953.2,2583.4,727.62,1836.5,570.19,1162.5,1857.1,2334.3,2866.9,937.51,276.8,2207.2,522.11,701.97,244.78,5496.9,2107.1,756.25,3224.8,833.35,680,726.91,3017.9,2360.8,1345.4,628.99,1936.9,1900.4,2851.8,198.26,2323.8,1382.5,2437.4,3447,785.33,1594.6,756.15,335.55,915.65,1222.9
992.4,691.25,488.59,4620.7,3142.7,1713.9,3558.7,272.44,466.91,1715,2925.8,1561.9,1728.1,1001.4,397.68,1122.6,12847,928.29,1018.1,1253.9,275.91,2749.5,283.41,544.6,988.22,0,980.33,4341,81.154,1329,965.01,3571.7,1715.8,848.24,1558.4,174.3,868.9,1346.1,1878.7,1925.7,1265,1219,466.11,286.25,743.44,6485.2,3095.3,231.97,2236.5,154.87,308.22,261.31,2029.7,3349,357.15,1617.2,948.64,912.19,1863.6,1186.5,3312,394.32,1449.2,2458.8,1773.6,606.33,1744.4,1323.8,72.567,234.69
1972.7,1671.6,1468.9,5601.1,4123.1,2694.2,4539.1,1252.8,1447.2,2695.3,3906.2,2542.2,747.82,1981.8,582.66,142.29,13827,52.044,1998.4,2234.2,704.43,3729.8,1263.7,1524.9,1968.6,980.33,0,5321.3,899.18,348.69,15.322,4552,2696.2,132.09,2538.7,806.04,111.44,365.78,898.38,2906.1,2245.4,238.67,1446.4,1266.6,1723.8,7465.5,4075.6,1212.3,1256.2,1135.2,1288.6,1241.6,1049.4,4329.3,623.18,2597.5,31.694,68.144,883.24,2166.8,4292.3,586.01,468.83,1478.4,2753.9,374,2724.7,2304.1,1052.9,745.64
3348.6,3649.8,3852.4,279.7,1198.3,2627.1,782.27,4068.6,3874.1,2626,1415.2,2779.1,6069.2,3339.6,4738.7,5463.6,8505.8,5269.3,3322.9,3087.2,4616.9,1591.6,4057.6,3796.4,3352.8,4341,5321.3,0,4422.2,5670,5306,769.35,2625.2,5189.3,2782.6,4515.3,5209.9,5687.1,6219.7,2415.3,3076,5560,3874.9,4054.8,3597.6,2144.2,1245.7,4109,6577.6,4186.2,4032.8,4079.7,6370.7,992.03,4698.2,2723.8,5289.7,5253.2,6204.6,3154.5,1029,4735.3,5790.2,6799.8,2567.5,4947.4,2596.6,3017.2,4268.4,4575.7
1073.6,772.4,569.74,4701.9,3223.9,1795,3639.9,353.6,548.07,1796.2,3007,1643.1,1647,1082.6,316.52,1041.5,12928,847.13,1099.2,1335,194.75,2830.6,364.56,625.75,1069.4,81.154,899.18,4422.2,0,1247.9,883.86,3652.8,1797,767.08,1639.6,93.144,787.74,1265,1797.6,2006.9,1346.2,1137.8,547.26,367.4,824.6,6566.3,3176.5,313.13,2155.4,236.02,389.38,342.46,1948.5,3430.1,276,1698.4,867.48,831.03,1782.4,1267.6,3393.1,313.17,1368,2377.6,1854.7,525.18,1825.5,1404.9,153.72,153.54
2321.4,2020.3,1817.6,5949.7,4471.8,3042.9,4887.8,1601.5,1795.9,3044,4254.9,2890.9,399.12,2330.4,931.35,206.41,14176,400.74,2347.1,2582.9,1053.1,4078.5,1612.4,1873.6,2317.2,1329,348.69,5670,1247.9,0,364.02,4900.7,3044.9,480.79,2887.4,1154.7,460.13,17.088,549.68,3254.8,2594,110.03,1795.1,1615.3,2072.5,7814.2,4424.3,1561,907.52,1483.9,1637.3,1590.3,700.67,4678,971.87,2946.2,380.39,416.84,534.55,2515.5,4641,934.71,120.13,1129.7,3102.6,722.69,3073.4,2652.8,1401.6,1094.3
1957.4,1656.3,1453.6,5585.7,4107.8,2678.9,4523.8,1237.5,1431.9,2680,3890.9,2526.9,763.14,1966.4,567.33,157.61,13812,36.722,1983.1,2218.9,689.11,3714.5,1248.4,1509.6,1953.2,965.01,15.322,5306,883.86,364.02,0,4536.7,2680.9,116.77,2523.4,790.71,96.113,381.11,913.7,2890.7,2230,253.99,1431.1,1251.3,1708.5,7450.2,4060.3,1197,1271.5,1119.9,1273.2,1226.3,1064.7,4314,607.86,2582.2,16.372,52.822,898.57,2151.5,4277,570.69,484.15,1493.8,2738.6,358.68,2709.4,2288.8,1037.6,730.32
2579.3,2880.4,3083.1,1049.1,428.92,1857.8,12.918,3299.2,3104.8,1856.7,645.82,2009.8,5299.8,2570.2,3969.3,4694.3,9275.1,4500,2553.6,2317.8,3847.6,822.21,3288.3,3027.1,2583.4,3571.7,4552,769.35,3652.8,4900.7,4536.7,0,1855.8,4419.9,2013.3,3746,4440.6,4917.8,5450.4,1645.9,2306.6,4790.7,3105.6,3285.4,2828.2,2913.5,476.36,3339.7,5808.2,3416.8,3263.4,3310.4,5601.4,222.68,3928.8,1954.5,4520.3,4483.9,5435.2,2385.2,259.68,3966,5020.8,6030.4,1798.1,4178,1827.3,2247.9,3499.1,3806.4
723.44,1024.6,1227.3,2904.9,1426.9,1.9518,1842.9,1443.4,1248.9,0.8377,1210,153.94,3444,714.43,2113.5,2838.5,11131,2644.1,697.76,461.98,1991.7,1033.6,1432.4,1171.2,727.62,1715.8,2696.2,2625.2,1797,3044.9,2680.9,1855.8,0,2564.1,157.44,1890.1,2584.7,3062,3594.6,209.89,450.83,2934.8,1249.7,1429.6,972.4,4769.3,1379.5,1483.9,3952.4,1561,1407.6,1454.5,3745.5,1633.1,2073,98.638,2664.5,2628,3579.4,529.36,1596.1,2110.2,3165,4174.6,57.707,2322.2,28.525,392.08,1643.3,1950.5
1840.6,1539.5,1336.8,5469,3991,2562.1,4407,1120.7,1315.2,2563.2,3774.1,2410.1,879.91,1849.7,450.56,274.38,13695,80.05,1866.3,2102.1,572.33,3597.7,1131.6,1392.8,1836.5,848.24,132.09,5189.3,767.08,480.79,116.77,4419.9,2564.1,0,2406.6,673.94,20.659,497.88,1030.5,2774,2113.3,370.76,1314.3,1134.5,1591.7,7333.4,3943.5,1080.2,1388.3,1003.1,1156.5,1109.5,1181.5,4197.2,491.08,2465.4,100.4,63.95,1015.3,2034.7,4160.2,453.92,600.92,1610.5,2621.8,241.9,2592.6,2172,920.81,613.55
566.01,867.16,1069.8,3062.3,1584.3,155.49,2000.3,1286,1091.5,156.6,1367.4,3.5,3286.6,556.99,1956.1,2681,11288,2486.7,540.32,304.54,1834.3,1191.1,1275,1013.8,570.19,1558.4,2538.7,2782.6,1639.6,2887.4,2523.4,2013.3,157.44,2406.6,0,1732.7,2427.3,2904.5,3437.1,367.33,293.39,2777.4,1092.3,1272.2,814.96,4926.8,1536.9,1326.4,3795,1403.5,1250.2,1297.1,3588.1,1790.6,1915.6,58.8,2507,2470.6,3422,371.92,1753.6,1952.7,3007.6,4017.2,215.14,2164.7,185.96,234.64,1485.8,1793.1
1166.7,865.55,662.89,4795,3317,1888.2,3733,446.74,641.21,1889.3,3100.1,1736.2,1553.9,1175.7,223.38,948.32,13021,753.99,1192.4,1428.2,101.61,2923.8,457.7,718.9,1162.5,174.3,806.04,4515.3,93.144,1154.7,790.71,3746,1890.1,673.94,1732.7,0,694.6,1171.8,1704.4,2100,1439.3,1044.7,640.4,460.55,917.74,6659.5,3269.6,406.27,2062.2,329.16,482.52,435.61,1855.4,3523.3,182.86,1791.5,774.34,737.89,1689.3,1360.8,3486.3,220.02,1274.9,2284.5,1947.8,432.04,1918.7,1498.1,246.86,60.394
1861.3,1560.1,1357.5,5489.6,4011.6,2582.8,4427.6,1141.3,1335.8,2583.9,3794.7,2430.8,859.25,1870.3,471.22,253.72,13716,59.391,1887,2122.8,592.99,3618.4,1152.3,1413.5,1857.1,868.9,111.44,5209.9,787.74,460.13,96.113,4440.6,2584.7,20.659,2427.3,694.6,0,477.22,1009.8,2794.6,2133.9,350.1,1335,1155.1,1612.3,7354.1,3964.2,1100.9,1367.6,1023.8,1177.1,1130.2,1160.8,4217.9,511.74,2486.1,79.741,43.291,994.68,2055.4,4180.9,474.58,580.26,1589.9,2642.4,262.56,2613.3,2192.7,941.46,634.21
2338.5,2037.4,1834.7,5966.8,4488.9,3060,4904.9,1618.6,1813,3061.1,4272,2908,382.03,2347.5,948.44,223.49,14193,417.83,2364.2,2600,1070.2,4095.6,1629.5,1890.7,2334.3,1346.1,365.78,5687.1,1265,17.088,381.11,4917.8,3062,497.88,2904.5,1171.8,477.22,0,532.59,3271.8,2611.1,127.12,1812.2,1632.4,2089.6,7831.3,4441.4,1578.1,890.43,1501,1654.3,1607.4,683.58,4695.1,988.96,2963.3,397.48,433.93,517.46,2532.6,4658.1,951.79,103.05,1112.7,3119.7,739.78,3090.5,2669.9,1418.7,1111.4
2871.1,2570,2367.3,6499.4,5021.5,3592.6,5437.5,2151.2,2345.6,3593.7,4804.6,3440.6,150.56,2880.1,1481,756.09,14725,950.42,2896.8,3132.6,1602.8,4628.2,2162.1,2423.3,2866.9,1878.7,898.38,6219.7,1797.6,549.68,913.7,5450.4,3594.6,1030.5,3437.1,1704.4,1009.8,532.59,0,3804.4,3143.7,659.71,2344.8,2165,2622.2,8363.9,4974,2110.7,357.83,2033.6,2186.9,2140,150.99,5227.7,1521.6,3495.9,930.07,966.52,15.133,3065.2,5190.7,1484.4,429.55,580.06,3652.3,1272.4,3623.1,3202.5,1951.3,1644
933.33,1234.5,1437.1,2695,1217,211.84,1633,1653.3,1458.8,210.73,1000.1,363.83,3653.9,924.32,2323.4,3048.4,10921,2854,907.65,671.87,2201.6,823.72,1642.3,1381.1,937.51,1925.7,2906.1,2415.3,2006.9,3254.8,2890.7,1645.9,209.89,2774,367.33,2100,2794.6,3271.8,3804.4,0,660.72,3144.7,1459.6,1639.5,1182.3,4559.4,1169.6,1693.8,4162.3,1770.9,1617.5,1664.4,3955.4,1423.3,2282.9,308.53,2874.4,2837.9,3789.3,739.25,1386.2,2320.1,3374.9,4384.5,152.18,2532.1,181.36,601.97,1853.2,2160.4
272.62,573.77,776.43,3355.7,1877.7,448.87,2293.7,992.57,798.1,449.99,1660.8,296.89,2993.2,263.6,1662.7,2387.6,11582,2193.3,246.93,11.156,1540.9,1484.4,981.61,720.42,276.8,1265,2245.4,3076,1346.2,2594,2230,2306.6,450.83,2113.3,293.39,1439.3,2133.9,2611.1,3143.7,660.72,0,2484,798.91,978.77,521.57,5220.2,1830.3,1033,3501.6,1110.2,956.79,1003.7,3294.7,2084,1622.2,352.19,2213.7,2177.2,3128.6,78.534,2047,1659.3,2714.2,3723.8,508.53,1871.4,479.35,58.751,1192.5,1499.7
2211.4,1910.2,1707.6,5839.7,4361.7,2932.9,4777.7,1491.4,1685.9,2934,4144.8,2780.9,509.15,2220.4,821.32,96.378,14066,290.71,2237.1,2472.9,943.09,3968.5,1502.4,1763.6,2207.2,1219,238.67,5560,1137.8,110.03,253.99,4790.7,2934.8,370.76,2777.4,1044.7,350.1,127.12,659.71,3144.7,2484,0,1685.1,1505.2,1962.4,7704.2,4314.3,1451,1017.5,1373.9,1527.2,1480.3,810.7,4568,861.85,2836.2,270.36,306.81,644.58,2405.5,4531,824.68,230.16,1239.8,2992.6,612.67,2963.4,2542.8,1291.6,984.31
526.29,225.14,22.483,4154.6,2676.6,1247.8,3092.6,193.66,0.80859,1248.9,2459.7,1095.8,2194.3,535.31,863.78,1588.7,12381,1394.4,551.98,787.76,742.01,2283.3,182.7,78.494,522.11,466.11,1446.4,3874.9,547.26,1795.1,1431.1,3105.6,1249.7,1314.3,1092.3,640.4,1335,1812.2,2344.8,1459.6,798.91,1685.1,0,179.86,277.34,6019.1,2629.2,234.13,2702.7,311.24,157.88,204.8,2495.8,2882.9,823.26,1151.1,1414.7,1378.3,2329.7,720.38,2845.9,860.43,1915.3,2924.9,1307.4,1072.4,1278.3,857.66,393.54,700.8
706.15,405,202.34,4334.5,2856.5,1427.6,3272.5,13.806,180.66,1428.8,2639.6,1275.7,2014.4,715.17,683.93,1408.9,12561,1214.5,731.83,967.61,562.16,2463.2,2.8434,258.35,701.97,286.25,1266.6,4054.8,367.4,1615.3,1251.3,3285.4,1429.6,1134.5,1272.2,460.55,1155.1,1632.4,2165,1639.5,978.77,1505.2,179.86,0,457.19,6198.9,2809.1,54.278,2522.8,131.38,21.972,24.942,2315.9,3062.7,643.4,1331,1234.9,1198.4,2149.8,900.23,3025.7,680.57,1735.4,2745,1487.3,892.58,1458.1,1037.5,213.68,520.94
248.96,52.194,254.86,3877.3,2399.3,970.45,2815.3,471,276.53,971.56,2182.4,818.46,2471.6,257.97,1141.1,1866.1,12103,1671.7,274.64,510.42,1019.4,2006,460.04,198.84,244.78,743.44,1723.8,3597.6,824.6,2072.5,1708.5,2828.2,972.4,1591.7,814.96,917.74,1612.3,2089.6,2622.2,1182.3,521.57,1962.4,277.34,457.19,0,5741.7,2351.9,511.47,2980,588.58,435.22,482.14,2773.1,2605.5,1100.6,873.76,1692.1,1655.6,2607,443.04,2568.5,1137.8,2192.6,3202.2,1030.1,1349.8,1000.9,580.32,670.88,978.14
5492.8,5793.9,5996.6,1864.5,3342.4,4771.3,2926.4,6212.7,6018.3,4770.2,3559.3,4923.3,8213.3,5483.8,6882.8,7607.8,6361.6,7413.5,5467.1,5231.3,6761.1,3735.7,6201.8,5940.6,5496.9,6485.2,7465.5,2144.2,6566.3,7814.2,7450.2,2913.5,4769.3,7333.4,4926.8,6659.5,7354.1,7831.3,8363.9,4559.4,5220.2,7704.2,6019.1,6198.9,5741.7,0,3389.9,6253.2,8721.7,6330.3,6176.9,6223.9,8514.9,3136.2,6842.3,4868,7433.8,7397.4,8348.7,5298.7,3173.2,6879.5,7934.3,8943.9,4711.6,7091.5,4740.8,5161.4,6412.6,6719.9
2102.9,2404.1,2606.7,1525.4,47.443,1381.4,463.44,2822.9,2628.4,1380.3,169.46,1533.4,4823.5,2093.9,3493,4217.9,9751.5,4023.6,2077.2,1841.4,3371.2,345.85,2811.9,2550.7,2107.1,3095.3,4075.6,1245.7,3176.5,4424.3,4060.3,476.36,1379.5,3943.5,1536.9,3269.6,3964.2,4441.4,4974,1169.6,1830.3,4314.3,2629.2,2809.1,2351.9,3389.9,0,2863.3,5331.9,2940.4,2787.1,2834,5125,253.68,3452.5,1478.1,4043.9,4007.5,4958.9,1908.8,216.68,3489.6,4544.5,5554.1,1321.8,3701.6,1350.9,1771.5,3022.7,3330
760.43,459.28,256.62,4388.7,2910.8,1481.9,3326.8,40.472,234.94,1483,2693.9,1329.9,1960.1,769.44,629.65,1354.6,12615,1160.3,786.11,1021.9,507.88,2517.5,51.434,312.63,756.25,231.97,1212.3,4109,313.13,1561,1197,3339.7,1483.9,1080.2,1326.4,406.27,1100.9,1578.1,2110.7,1693.8,1033,1451,234.13,54.278,511.47,6253.2,2863.3,0,2468.5,77.107,76.25,29.336,2261.7,3117,589.13,1385.2,1180.6,1144.2,2095.6,954.51,3080,626.29,1681.1,2690.7,1541.6,838.31,1512.4,1091.8,159.41,466.66
3228.9,2927.8,2725.1,6857.3,5379.3,3950.4,5795.3,2509,2703.5,3951.6,5162.4,3798.5,508.39,3238,1838.9,1113.9,15083,1308.3,3254.6,3490.4,1960.6,4986,2520,2781.1,3224.8,2236.5,1256.2,6577.6,2155.4,907.52,1271.5,5808.2,3952.4,1388.3,3795,2062.2,1367.6,890.43,357.83,4162.3,3501.6,1017.5,2702.7,2522.8,2980,8721.7,5331.9,2468.5,0,2391.4,2544.8,2497.9,206.84,5585.5,1879.4,3853.8,1287.9,1324.4,372.97,3423,5548.5,1842.2,787.38,222.23,4010.1,1630.2,3980.9,3560.3,2309.1,2001.9
837.53,536.38,333.72,4465.9,2987.9,1559,3403.9,117.58,312.05,1560.1,2771,1407,1883,846.55,552.54,1277.5,12692,1083.2,863.22,1099,430.77,2594.6,128.54,389.73,833.35,154.87,1135.2,4186.2,236.02,1483.9,1119.9,3416.8,1561,1003.1,1403.5,329.16,1023.8,1501,2033.6,1770.9,1110.2,1373.9,311.24,131.38,588.58,6330.3,2940.4,77.107,2391.4,0,153.36,106.44,2184.6,3194.1,512.02,1462.3,1103.5,1067.1,2018.4,1031.6,3157.1,549.19,1604,2613.6,1618.7,761.2,1589.5,1168.9,82.299,389.56
684.18,383.03,180.37,4312.5,2834.5,1405.7,3250.5,35.778,158.69,1406.8,2617.6,1253.7,2036.4,693.19,705.9,1430.8,12539,1236.5,709.86,945.64,584.13,2441.2,24.816,236.38,680,308.22,1288.6,4032.8,389.38,1637.3,1273.2,3263.4,1407.6,1156.5,1250.2,482.52,1177.1,1654.3,2186.9,1617.5,956.79,1527.2,157.88,21.972,435.22,6176.9,2787.1,76.25,2544.8,153.36,0,46.914,2337.9,3040.8,665.38,1309,1256.9,1220.4,2171.8,878.26,3003.8,702.54,1757.4,2767,1465.3,914.56,1436.1,1015.5,235.66,542.91
731.09,429.94,227.28,4359.4,2881.4,1452.6,3297.4,11.136,205.61,1453.7,2664.5,1300.6,1989.5,740.11,658.99,1383.9,12585,1189.6,756.77,992.55,537.21,2488.1,22.098,283.29,726.91,261.31,1241.6,4079.7,342.46,1590.3,1226.3,3310.4,1454.5,1109.5,1297.1,435.61,1130.2,1607.4,2140,1664.4,1003.7,1480.3,204.8,24.942,482.14,6223.9,2834,29.336,2497.9,106.44,46.914,0,2291,3087.7,618.46,1355.9,1209.9,1173.5,2124.9,925.17,3050.7,655.63,1710.5,2720.1,1512.2,867.64,1483.1,1062.5,188.74,496
3022.1,2720.9,2518.3,6650.4,5172.4,3743.6,5588.4,2302.1,2496.6,3744.7,4955.5,3591.6,301.55,3031.1,1632,907.08,14876,1101.4,3047.8,3283.6,1753.8,4779.2,2313.1,2574.3,3017.9,2029.7,1049.4,6370.7,1948.5,700.67,1064.7,5601.4,3745.5,1181.5,3588.1,1855.4,1160.8,683.58,150.99,3955.4,3294.7,810.7,2495.8,2315.9,2773.1,8514.9,5125,2261.7,206.84,2184.6,2337.9,2291,0,5378.7,1672.5,3646.9,1081.1,1117.5,166.12,3216.2,5341.7,1635.4,580.54,429.08,3803.2,1423.4,3774.1,3353.5,2102.3,1795
2356.6,2657.7,2860.4,1271.7,206.24,1635.1,209.76,3076.5,2882.1,1634,423.14,1787.1,5077.1,2347.6,3746.7,4471.6,9497.8,4277.3,2330.9,2095.1,3624.9,599.53,3065.6,2804.4,2360.8,3349,4329.3,992.03,3430.1,4678,4314,222.68,1633.1,4197.2,1790.6,3523.3,4217.9,4695.1,5227.7,1423.3,2084,4568,2882.9,3062.7,2605.5,3136.2,253.68,3117,5585.5,3194.1,3040.8,3087.7,5378.7,0,3706.1,1731.8,4297.6,4261.2,5212.6,2162.5,37.002,3743.3,4798.1,5807.8,1575.4,3955.3,1604.6,2025.2,3276.4,3583.7
1349.6,1048.4,845.74,4977.9,3499.9,2071,3915.9,629.6,824.07,2072.2,3283,1919.1,1371,1358.6,40.524,765.47,13204,571.13,1375.2,1611,81.248,3106.6,640.56,901.75,1345.4,357.15,623.18,4698.2,276,971.87,607.86,3928.8,2073,491.08,1915.6,182.86,511.74,988.96,1521.6,2282.9,1622.2,861.85,823.26,643.4,1100.6,6842.3,3452.5,589.13,1879.4,512.02,665.38,618.46,1672.5,3706.1,0,1974.4,591.48,555.03,1506.4,1543.6,3669.1,37.168,1092,2101.6,2130.7,249.18,2101.5,1680.9,429.72,122.46
624.81,925.96,1128.6,3003.5,1525.5,96.686,1941.5,1344.8,1150.3,97.8,1308.6,55.3,3345.4,615.79,2014.9,2739.8,11230,2545.5,599.12,363.34,1893.1,1132.2,1333.8,1072.6,628.99,1617.2,2597.5,2723.8,1698.4,2946.2,2582.2,1954.5,98.638,2465.4,58.8,1791.5,2486.1,2963.3,3495.9,308.53,352.19,2836.2,1151.1,1331,873.76,4868,1478.1,1385.2,3853.8,1462.3,1309,1355.9,3646.9,1731.8,1974.4,0,2565.8,2529.4,3480.8,430.72,1694.8,2011.5,3066.4,4076,156.34,2223.5,127.16,293.44,1544.6,1851.9
1941,1639.9,1437.2,5569.4,4091.4,2662.5,4507.4,1221.1,1415.6,2663.6,3874.5,2510.5,779.51,1950.1,550.96,173.98,13795,20.35,1966.7,2202.5,672.73,3698.1,1232,1493.2,1936.9,948.64,31.694,5289.7,867.48,380.39,16.372,4520.3,2664.5,100.4,2507,774.34,79.741,397.48,930.07,2874.4,2213.7,270.36,1414.7,1234.9,1692.1,7433.8,4043.9,1180.6,1287.9,1103.5,1256.9,1209.9,1081.1,4297.6,591.48,2565.8,0,36.45,914.94,2135.1,4260.6,554.32,500.52,1510.1,2722.2,342.3,2693,2272.4,1021.2,713.95
1904.6,1603.4,1400.8,5532.9,4054.9,2626.1,4470.9,1184.6,1379.1,2627.2,3838,2474.1,815.96,1913.6,514.51,210.43,13759,16.1,1930.3,2166,636.28,3661.6,1195.6,1456.8,1900.4,912.19,68.144,5253.2,831.03,416.84,52.822,4483.9,2628,63.95,2470.6,737.89,43.291,433.93,966.52,2837.9,2177.2,306.81,1378.3,1198.4,1655.6,7397.4,4007.5,1144.2,1324.4,1067.1,1220.4,1173.5,1117.5,4261.2,555.03,2529.4,36.45,0,951.39,2098.7,4224.2,517.87,536.97,1546.6,2685.7,305.85,2656.6,2236,984.76,677.5
2856,2554.8,2352.2,6484.3,5006.3,3577.5,5422.3,2136,2330.5,3578.6,4789.4,3425.5,135.43,2865,1465.9,740.96,14710,935.29,2881.7,3117.4,1587.7,4613,2147,2408.2,2851.8,1863.6,883.24,6204.6,1782.4,534.55,898.57,5435.2,3579.4,1015.3,3422,1689.3,994.68,517.46,15.133,3789.3,3128.6,644.58,2329.7,2149.8,2607,8348.7,4958.9,2095.6,372.97,2018.4,2171.8,2124.9,166.12,5212.6,1506.4,3480.8,914.94,951.39,0,3050.1,5175.6,1469.3,414.42,595.2,3637.1,1257.2,3607.9,3187.3,1936.1,1628.9
194.08,495.23,697.89,3434.2,1956.3,527.41,2372.3,914.04,719.57,528.52,1739.4,375.42,2914.6,185.07,1584.2,2309.1,11660,2114.8,168.4,67.379,1462.4,1563,903.08,641.88,198.26,1186.5,2166.8,3154.5,1267.6,2515.5,2151.5,2385.2,529.36,2034.7,371.92,1360.8,2055.4,2532.6,3065.2,739.25,78.534,2405.5,720.38,900.23,443.04,5298.7,1908.8,954.51,3423,1031.6,878.26,925.17,3216.2,2162.5,1543.6,430.72,2135.1,2098.7,3050.1,0,2125.5,1580.8,2635.6,3645.3,587.07,1792.8,557.89,137.28,1113.9,1421.2
2319.6,2620.7,2823.4,1308.7,169.23,1598.1,246.76,3039.5,2845.1,1597,386.14,1750.1,5040.1,2310.6,3709.7,4434.6,9534.8,4240.3,2293.9,2058.1,3587.9,562.53,3028.6,2767.4,2323.8,3312,4292.3,1029,3393.1,4641,4277,259.68,1596.1,4160.2,1753.6,3486.3,4180.9,4658.1,5190.7,1386.2,2047,4531,2845.9,3025.7,2568.5,3173.2,216.68,3080,5548.5,3157.1,3003.8,3050.7,5341.7,37.002,3669.1,1694.8,4260.6,4224.2,5175.6,2125.5,0,3706.3,4761.1,5770.8,1538.4,3918.3,1567.6,1988.2,3239.4,3546.7
1386.7,1085.6,882.91,5015,3537.1,2108.2,3953.1,666.77,861.24,2109.3,3320.2,1956.2,1333.8,1395.7,3.3556,728.3,13241,533.97,1412.4,1648.2,118.42,3143.8,677.73,938.92,1382.5,394.32,586.01,4735.3,313.17,934.71,570.69,3966,2110.2,453.92,1952.7,220.02,474.58,951.79,1484.4,2320.1,1659.3,824.68,860.43,680.57,1137.8,6879.5,3489.6,626.29,1842.2,549.19,702.54,655.63,1635.4,3743.3,37.168,2011.5,554.32,517.87,1469.3,1580.8,3706.3,0,1054.8,2064.5,2167.9,212.01,2138.7,1718.1,466.89,159.63
2441.6,2140.4,1937.7,6069.9,4591.9,3163.1,5007.9,1721.6,1916.1,3164.2,4375,3011.1,278.99,2450.6,1051.5,326.54,14296,520.87,2467.2,2703,1173.3,4198.6,1732.6,1993.8,2437.4,1449.2,468.83,5790.2,1368,120.13,484.15,5020.8,3165,600.92,3007.6,1274.9,580.26,103.05,429.55,3374.9,2714.2,230.16,1915.3,1735.4,2192.6,7934.3,4544.5,1681.1,787.38,1604,1757.4,1710.5,580.54,4798.1,1092,3066.4,500.52,536.97,414.42,2635.6,4761.1,1054.8,0,1009.6,3222.7,842.83,3193.5,2772.9,1521.7,1214.5
3451.2,3150,2947.4,7079.5,5601.5,4172.7,6017.5,2731.2,2925.7,4173.8,5384.6,4020.7,730.63,3460.2,2061.1,1336.2,15306,1530.5,3476.9,3712.6,2182.9,5208.2,2742.2,3003.4,3447,2458.8,1478.4,6799.8,2377.6,1129.7,1493.8,6030.4,4174.6,1610.5,4017.2,2284.5,1589.9,1112.7,580.06,4384.5,3723.8,1239.8,2924.9,2745,3202.2,8943.9,5554.1,2690.7,222.23,2613.6,2767,2720.1,429.08,5807.8,2101.6,4076,1510.1,1546.6,595.2,3645.3,5770.8,2064.5,1009.6,0,4232.3,1852.4,4203.1,3782.5,2531.3,2224.1
781.15,1082.3,1285,2847.2,1369.2,59.659,1785.2,1501.1,1306.6,58.545,1152.3,211.64,3501.7,772.13,2171.2,2896.2,11073,2701.8,755.47,519.69,2049.5,975.91,1490.1,1229,785.33,1773.6,2753.9,2567.5,1854.7,3102.6,2738.6,1798.1,57.707,2621.8,215.14,1947.8,2642.4,3119.7,3652.3,152.18,508.53,2992.6,1307.4,1487.3,1030.1,4711.6,1321.8,1541.6,4010.1,1618.7,1465.3,1512.2,3803.2,1575.4,2130.7,156.34,2722.2,2685.7,3637.1,587.07,1538.4,2167.9,3222.7,4232.3,0,2379.9,29.182,449.78,1701,2008.2
1598.7,1297.6,1094.9,5227.1,3749.1,2320.2,4165.1,878.78,1073.2,2321.3,3532.2,2168.2,1121.8,1607.8,208.66,516.29,13453,321.95,1624.4,1860.2,330.43,3355.8,889.74,1150.9,1594.6,606.33,374,4947.4,525.18,722.69,358.68,4178,2322.2,241.9,2164.7,432.04,262.56,739.78,1272.4,2532.1,1871.4,612.67,1072.4,892.58,1349.8,7091.5,3701.6,838.31,1630.2,761.2,914.56,867.64,1423.4,3955.3,249.18,2223.5,342.3,305.85,1257.2,1792.8,3918.3,212.01,842.83,1852.4,2379.9,0,2350.7,1930.1,678.9,371.64
751.97,1053.1,1255.8,2876.3,1398.4,30.477,1814.4,1471.9,1277.5,29.363,1181.5,182.46,3472.5,742.95,2142,2867,11102,2672.7,726.29,490.51,2020.3,1005.1,1461,1199.8,756.15,1744.4,2724.7,2596.6,1825.5,3073.4,2709.4,1827.3,28.525,2592.6,185.96,1918.7,2613.3,3090.5,3623.1,181.36,479.35,2963.4,1278.3,1458.1,1000.9,4740.8,1350.9,1512.4,3980.9,1589.5,1436.1,1483.1,3774.1,1604.6,2101.5,127.16,2693,2656.6,3607.9,557.89,1567.6,2138.7,3193.5,4203.1,29.182,2350.7,0,420.6,1671.8,1979.1
331.37,632.52,835.18,3297,1819,390.12,2235,1051.3,856.85,391.24,1602.1,238.14,3051.9,322.35,1721.4,2446.4,11523,2252.1,305.68,69.906,1599.7,1425.7,1040.4,779.17,335.55,1323.8,2304.1,3017.2,1404.9,2652.8,2288.8,2247.9,392.08,2172,234.64,1498.1,2192.7,2669.9,3202.5,601.97,58.751,2542.8,857.66,1037.5,580.32,5161.4,1771.5,1091.8,3560.3,1168.9,1015.5,1062.5,3353.5,2025.2,1680.9,293.44,2272.4,2236,3187.3,137.28,1988.2,1718.1,2772.9,3782.5,449.78,1930.1,420.6,0,1251.2,1558.5
919.83,618.68,416.02,4548.2,3070.2,1641.3,3486.2,199.88,394.35,1642.4,2853.3,1489.3,1800.7,928.85,470.24,1195.2,12774,1000.9,945.52,1181.3,348.47,2676.9,210.84,472.03,915.65,72.567,1052.9,4268.4,153.72,1401.6,1037.6,3499.1,1643.3,920.81,1485.8,246.86,941.46,1418.7,1951.3,1853.2,1192.5,1291.6,393.54,213.68,670.88,6412.6,3022.7,159.41,2309.1,82.299,235.66,188.74,2102.3,3276.4,429.72,1544.6,1021.2,984.76,1936.1,1113.9,3239.4,466.89,1521.7,2531.3,1701,678.9,1671.8,1251.2,0,307.26
1227.1,925.94,723.28,4855.4,3377.4,1948.6,3793.4,507.14,701.61,1949.7,3160.5,1796.6,1493.5,1236.1,162.99,887.93,13081,693.6,1252.8,1488.6,41.214,2984.1,518.1,779.29,1222.9,234.69,745.64,4575.7,153.54,1094.3,730.32,3806.4,1950.5,613.55,1793.1,60.394,634.21,1111.4,1644,2160.4,1499.7,984.31,700.8,520.94,978.14,6719.9,3330,466.66,2001.9,389.56,542.91,496,1795,3583.7,122.46,1851.9,713.95,677.5,1628.9,1421.2,3546.7,159.63,1214.5,2224.1,2008.2,371.64,1979.1,1558.5,307.26,0];




%% Center the columns of A into a matrix C
C = A; 
for i=1:size(A,2)
  C(:,i) = A(:,i) - mean(A(:,i));   
end

%% Compute the SVD of C

[U,S,V] = svd(C); 
% Note the singular values are on the diagonal of S, which Matlab gives 
% in decreasing order.  So, our largest singular value is S(1,1). 

%% Cluster according to sign pattern
singularVectors = U(:,1:numberOfSingularVectors);
clusterIndex = bin2dec(num2str(singularVectors > 0))+1;

%% Print results
clusterNumbers = unique(clusterIndex);

for i=1:length(clusterNumbers)
    indexOfElementsInCluster = find(clusterIndex == clusterNumbers(i));   
    fprintf('Cluster %d\n',clusterNumbers(i)); 
    for j=1:length(indexOfElementsInCluster)
    fprintf('    %s\n',char(names(indexOfElementsInCluster(j))));
    end
end

