% Author: Tim Chartier, CSC 381 - Fall 2019
% Program: svdCluster.m
%
% Description: Create at most k clusters from a matrix A, where k is a
% parameter.
% 
%% Number of evectors

numberOfSingularVectors = 3;

%% names of the rows of the data 

names = {'Cyprus Point','Augusta National','Shinnecock','Oakmont','Pebble Beach','Pine Valley', ...
'Merion','National Golf Links','Pinehurst No. 2','Pacific Dunes','Congressional CC','Whistling Straits',...
'Muirfield Village','Riveria','Medinah','Kiawah Island','Olympic Club','Victoria National','Bethpage Black',...
'PGA West','Interlachen','Sebonack CC','Aronimink GC','Spyglass Hill','Inverness Club','Fishers Island',...
'Peachtree GC','Winged Foot','Crystal Downs','Prairie Dunes','Baltusrol GC','Southern Hills','Aracadia Bluff',...
'Rich Harvest Farms','Milwaukee CC','Olympia Fields','East Lake','Kittansett Club','Sycamore Hills',...
'Blackwolf Run','Plainfield CC','Monterey Peninsula','Hudson National','Valhalla GC','Hazeltine National',...
'Kapalua','Chambers Bay','Galloway National','Sahalee CC','Shoreacres','Crooked Stick','Harbour Town',...
'Baltimore CC','Fox Chapel GC','Colonial CC','Minikahda Club','Torrey Pines','Pine Needles','Huntingdon Valley',...
'Northland CC','Rolling Green','Sankaty Head','Lehigh CC','Sea Island','Philadelphia CC','World Woods',...
'Wolf Run GC','Quail Hollow Club','Trump Bedminster','Greenbrier'};

%% Data to cluster 
A = [0,301.15,503.81,3628.3,2150.3,721.49,2566.3,719.96,525.49,722.61,1933.4,569.51,2720.5,9.0172,1390.1,2115,11854,1920.7,25.682,261.46,1268.3,1757.1,708.99,447.8,4.1799,992.4,1972.7,3348.6,1073.6,2321.4,1957.4,2579.3,723.44,1840.6,566.01,1166.7,1861.3,2338.5,2871.1,933.33,272.62,2211.4,526.29,706.15,248.96,5492.8,2102.9,760.43,3228.9,837.53,684.18,731.09,3022.1,2356.6,1349.6,624.81,1941,1904.6,2856,194.08,2319.6,1386.7,2441.6,3451.2,781.15,1598.7,751.97,331.37,919.83,1227.1
301.15,0,202.66,3929.5,2451.5,1022.6,2867.5,418.81,224.34,1023.8,2234.6,870.66,2419.4,310.17,1088.9,1813.9,12156,1619.5,326.83,562.61,967.16,2058.2,407.84,146.65,296.97,691.25,1671.6,3649.8,772.4,2020.3,1656.3,2880.4,1024.6,1539.5,867.16,865.55,1560.1,2037.4,2570,1234.5,573.77,1910.2,225.14,405,52.194,5793.9,2404.1,459.28,2927.8,536.38,383.03,429.94,2720.9,2657.7,1048.4,925.96,1639.9,1603.4,2554.8,495.23,2620.7,1085.6,2140.4,3150,1082.3,1297.6,1053.1,632.52,618.68,925.94
503.81,202.66,0,4132.1,2654.2,1225.3,3070.2,216.14,21.674,1226.4,2437.3,1073.3,2216.7,512.83,886.27,1611.2,12358,1416.9,529.49,765.27,764.49,2260.9,205.18,56.012,499.63,488.59,1468.9,3852.4,569.74,1817.6,1453.6,3083.1,1227.3,1336.8,1069.8,662.89,1357.5,1834.7,2367.3,1437.1,776.43,1707.6,22.483,202.34,254.86,5996.6,2606.7,256.62,2725.1,333.72,180.37,227.28,2518.3,2860.4,845.74,1128.6,1437.2,1400.8,2352.2,697.89,2823.4,882.91,1937.7,2947.4,1285,1094.9,1255.8,835.18,416.02,723.28
3628.3,3929.5,4132.1,0,1478,2906.8,1062,4348.3,4153.8,2905.7,1694.9,3058.8,6348.9,3619.3,5018.4,5743.3,8226.1,5549,3602.6,3366.9,4896.6,1871.3,4337.3,4076.1,3632.5,4620.7,5601.1,279.7,4701.9,5949.7,5585.7,1049.1,2904.9,5469,3062.3,4795,5489.6,5966.8,6499.4,2695,3355.7,5839.7,4154.6,4334.5,3877.3,1864.5,1525.4,4388.7,6857.3,4465.9,4312.5,4359.4,6650.4,1271.7,4977.9,3003.5,5569.4,5532.9,6484.3,3434.2,1308.7,5015,6069.9,7079.5,2847.2,5227.1,2876.3,3297,4548.2,4855.4
2150.3,2451.5,2654.2,1478,0,1428.9,416,2870.3,2675.8,1427.7,216.9,1580.8,4870.9,2141.3,3540.4,4265.4,9704,4071,2124.7,1888.9,3418.7,393.29,2859.3,2598.1,2154.5,3142.7,4123.1,1198.3,3223.9,4471.8,4107.8,428.92,1426.9,3991,1584.3,3317,4011.6,4488.9,5021.5,1217,1877.7,4361.7,2676.6,2856.5,2399.3,3342.4,47.443,2910.8,5379.3,2987.9,2834.5,2881.4,5172.4,206.24,3499.9,1525.5,4091.4,4054.9,5006.3,1956.3,169.23,3537.1,4591.9,5601.5,1369.2,3749.1,1398.4,1819,3070.2,3377.4
721.49,1022.6,1225.3,2906.8,1428.9,0,1844.9,1441.4,1247,1.1141,1212,151.99,3442,712.47,2111.6,2836.5,11133,2642.2,695.81,460.03,1989.8,1035.6,1430.5,1169.3,725.67,1713.9,2694.2,2627.1,1795,3042.9,2678.9,1857.8,1.9518,2562.1,155.49,1888.2,2582.8,3060,3592.6,211.84,448.87,2932.9,1247.8,1427.6,970.45,4771.3,1381.4,1481.9,3950.4,1559,1405.7,1452.6,3743.6,1635.1,2071,96.686,2662.5,2626.1,3577.5,527.41,1598.1,2108.2,3163.1,4172.7,59.659,2320.2,30.477,390.12,1641.3,1948.6
2566.3,2867.5,3070.2,1062,416,1844.9,0,3286.3,3091.8,1843.7,632.9,1996.8,5286.9,2557.3,3956.4,4681.4,9288,4487,2540.7,2304.9,3834.7,809.29,3275.3,3014.1,2570.5,3558.7,4539.1,782.27,3639.9,4887.8,4523.8,12.918,1842.9,4407,2000.3,3733,4427.6,4904.9,5437.5,1633,2293.7,4777.7,3092.6,3272.5,2815.3,2926.4,463.44,3326.8,5795.3,3403.9,3250.5,3297.4,5588.4,209.76,3915.9,1941.5,4507.4,4470.9,5422.3,2372.3,246.76,3953.1,5007.9,6017.5,1785.2,4165.1,1814.4,2235,3486.2,3793.4
719.96,418.81,216.14,4348.3,2870.3,1441.4,3286.3,0,194.47,1442.6,2653.4,1289.5,2000.6,728.97,670.12,1395.1,12574,1200.7,745.64,981.42,548.35,2477,10.962,272.16,715.78,272.44,1252.8,4068.6,353.6,1601.5,1237.5,3299.2,1443.4,1120.7,1286,446.74,1141.3,1618.6,2151.2,1653.3,992.57,1491.4,193.66,13.806,471,6212.7,2822.9,40.472,2509,117.58,35.778,11.136,2302.1,3076.5,629.6,1344.8,1221.1,1184.6,2136,914.04,3039.5,666.77,1721.6,2731.2,1501.1,878.78,1471.9,1051.3,199.88,507.14
525.49,224.34,21.674,4153.8,2675.8,1247,3091.8,194.47,0,1248.1,2458.9,1095,2195.1,534.5,864.59,1589.5,12380,1395.2,551.17,786.95,742.82,2282.5,183.51,77.686,521.31,466.91,1447.2,3874.1,548.07,1795.9,1431.9,3104.8,1248.9,1315.2,1091.5,641.21,1335.8,1813,2345.6,1458.8,798.1,1685.9,0.80859,180.66,276.53,6018.3,2628.4,234.94,2703.5,312.05,158.69,205.61,2496.6,2882.1,824.07,1150.3,1415.6,1379.1,2330.5,719.57,2845.1,861.24,1916.1,2925.7,1306.6,1073.2,1277.5,856.85,394.35,701.61
722.61,1023.8,1226.4,2905.7,1427.7,1.1141,1843.7,1442.6,1248.1,0,1210.8,153.1,3443.2,713.59,2112.7,2837.6,11132,2643.3,696.92,461.14,1990.9,1034.4,1431.6,1170.4,726.79,1715,2695.3,2626,1796.2,3044,2680,1856.7,0.8377,2563.2,156.6,1889.3,2583.9,3061.1,3593.7,210.73,449.99,2934,1248.9,1428.8,971.56,4770.2,1380.3,1483,3951.6,1560.1,1406.8,1453.7,3744.7,1634,2072.2,97.8,2663.6,2627.2,3578.6,528.52,1597,2109.3,3164.2,4173.8,58.545,2321.3,29.363,391.24,1642.4,1949.7
1933.4,2234.6,2437.3,1694.9,216.9,1212,632.9,2653.4,2458.9,1210.8,0,1363.9,4654,1924.4,3323.5,4048.5,9920.9,3854.1,1907.8,1672,3201.8,176.39,2642.4,2381.2,1937.6,2925.8,3906.2,1415.2,3007,4254.9,3890.9,645.82,1210,3774.1,1367.4,3100.1,3794.7,4272,4804.6,1000.1,1660.8,4144.8,2459.7,2639.6,2182.4,3559.3,169.46,2693.9,5162.4,2771,2617.6,2664.5,4955.5,423.14,3283,1308.6,3874.5,3838,4789.4,1739.4,386.14,3320.2,4375,5384.6,1152.3,3532.2,1181.5,1602.1,2853.3,3160.5
569.51,870.66,1073.3,3058.8,1580.8,151.99,1996.8,1289.5,1095,153.1,1363.9,0,3290.1,560.49,1959.6,2684.5,11285,2490.2,543.82,308.04,1837.8,1187.6,1278.5,1017.3,573.69,1561.9,2542.2,2779.1,1643.1,2890.9,2526.9,2009.8,153.94,2410.1,3.5,1736.2,2430.8,2908,3440.6,363.83,296.89,2780.9,1095.8,1275.7,818.46,4923.3,1533.4,1329.9,3798.5,1407,1253.7,1300.6,3591.6,1787.1,1919.1,55.3,2510.5,2474.1,3425.5,375.42,1750.1,1956.2,3011.1,4020.7,211.64,2168.2,182.46,238.14,1489.3,1796.6
2720.5,2419.4,2216.7,6348.9,4870.9,3442,5286.9,2000.6,2195.1,3443.2,4654,3290.1,0,2729.6,1330.5,605.53,14575,799.86,2746.2,2982,1452.2,4477.6,2011.6,2272.8,2716.4,1728.1,747.82,6069.2,1647,399.12,763.14,5299.8,3444,879.91,3286.6,1553.9,859.25,382.03,150.56,3653.9,2993.2,509.15,2194.3,2014.4,2471.6,8213.3,4823.5,1960.1,508.39,1883,2036.4,1989.5,301.55,5077.1,1371,3345.4,779.51,815.96,135.43,2914.6,5040.1,1333.8,278.99,730.63,3501.7,1121.8,3472.5,3051.9,1800.7,1493.5
